For configurations of size 10 there were 271/1000 correct configurations.
The seed numbers for the correct shapes are:
[6, 8, 11, 16, 18, 19, 21, 24, 27, 31, 34, 42, 47, 70, 75, 76, 78, 79, 80, 89, 90, 96, 97, 100, 101, 102, 105, 107, 109, 110, 125, 127, 135, 139, 145, 148, 149, 156, 165, 166, 168, 170, 172, 175, 178, 179, 184, 190, 192, 202, 203, 213, 217, 220, 221, 225, 230, 231, 233, 237, 244, 246, 248, 250, 251, 253, 262, 264, 269, 271, 276, 278, 292, 300, 301, 303, 305, 306, 311, 314, 317, 319, 321, 325, 326, 331, 332, 335, 336, 342, 344, 345, 358, 359, 362, 365, 366, 368, 373, 374, 380, 383, 384, 388, 389, 390, 395, 396, 399, 405, 412, 416, 425, 428, 429, 436, 438, 441, 444, 445, 447, 449, 452, 453, 456, 457, 459, 460, 462, 466, 469, 470, 486, 487, 495, 497, 500, 501, 507, 509, 518, 519, 520, 525, 527, 529, 531, 532, 541, 542, 546, 553, 559, 564, 567, 570, 573, 578, 581, 582, 593, 599, 609, 614, 615, 616, 621, 623, 624, 626, 633, 636, 643, 647, 650, 657, 658, 664, 668, 669, 670, 671, 686, 693, 695, 696, 705, 714, 720, 723, 726, 727, 731, 734, 744, 745, 751, 759, 761, 764, 766, 768, 772, 773, 774, 775, 778, 779, 783, 784, 787, 794, 795, 814, 821, 827, 832, 833, 841, 844, 855, 858, 861, 865, 866, 867, 868, 877, 878, 881, 885, 886, 887, 888, 890, 897, 900, 903, 907, 913, 921, 923, 924, 927, 929, 931, 936, 937, 942, 950, 953, 954, 955, 957, 958, 960, 962, 963, 967, 968, 969, 971, 974, 979, 981, 983, 987, 993, 995, 997, 998]

For configurations of size 25 there were 94/1000 correct configurations.
The seed numbers for the correct shapes are:
[13, 21, 27, 34, 46, 52, 53, 76, 83, 107, 125, 126, 136, 146, 153, 170, 172, 188, 196, 207, 226, 240, 242, 251, 260, 271, 272, 280, 285, 307, 311, 317, 321, 346, 348, 350, 363, 380, 388, 400, 410, 413, 425, 429, 432, 445, 454, 456, 462, 478, 569, 581, 587, 591, 608, 618, 633, 656, 692, 693, 696, 698, 703, 704, 709, 728, 736, 748, 752, 761, 762, 786, 793, 796, 807, 821, 828, 853, 860, 865, 874, 878, 887, 901, 905, 918, 923, 928, 943, 950, 965, 974, 976, 993]

For configurations of size 50 there were 44/1000 correct configurations.
The seed numbers for the correct shapes are:
[7, 70, 98, 145, 146, 148, 149, 161, 168, 187, 199, 231, 235, 246, 248, 271, 400, 408, 453, 471, 484, 521, 531, 561, 566, 666, 702, 716, 731, 745, 772, 785, 807, 809, 825, 843, 903, 920, 926, 942, 950, 975, 983, 997]

For configurations of size 100 there were 26/1000 correct configurations.
The seed numbers for the correct shapes are:
[3, 32, 104, 120, 125, 130, 152, 157, 208, 430, 494, 517, 546, 558, 560, 574, 607, 615, 619, 630, 651, 656, 741, 767, 780, 978]